1   1.00000000000000000000
2   1.00000000000000000000
3   1.00000000000000000000
4   .93333333333333333333
5   .93333333333333333333
6   .93333333333333333333
7   .87500000000000000000
8   .93333333333333333333
9   .82352941176470588235
10   .87500000000000000000
11   .82352941176470588235
12   .82352941176470588235
13   .82352941176470588235
14   .82352941176470588235
15   .82352941176470588235
16   .82352941176470588235
17   .82352941176470588235
18   .82352941176470588235
19   .82352941176470588235
20   .82352941176470588235
