1   .96052631578947368421
2   1.97297297297297297297
3   2.86274509803921568627
4   3.74358974358974358974
5   4.42424242424242424242
6   5.40740740740740740740
7   6.34782608695652173913
8   7.68421052631578947368
9   8.11111111111111111111
10   9.12500000000000000000
11   9.73333333333333333333
12   10.42857142857142857142
13   11.23076923076923076923
14   12.16666666666666666666
15   13.27272727272727272727
16   13.27272727272727272727
17   14.60000000000000000000
18   14.60000000000000000000
19   16.22222222222222222222
20   18.25000000000000000000
