1   1.00986477362062529932
2   1.96826226599658623325
3   3.00015061118259357285
4   3.78080893335924873728
5   4.63947888477009375107
6   5.46440877735777694217
7   6.33686089506566364911
8   6.98380445909591349075
9   7.51349443253086088470
10   8.08767232071444902528
11   8.61091403033224787304
12   9.41409120871627406559
13   10.17476229032466090096
14   10.98706753619984525256
15   11.73879411643135934999
16   12.54985537364858637368
17   11.52319477676998126611
18   12.11022497727809901144
19   14.86395147832016413152
20   15.64100587088459801513
