1   1.00689655172413793103
2   1.97297297297297297297
3   3.04166666666666666666
4   3.94594594594594594594
5   4.56250000000000000000
6   5.40740740740740740740
7   6.34782608695652173913
8   6.95238095238095238095
9   8.11111111111111111111
10   9.12500000000000000000
11   9.73333333333333333333
12   10.42857142857142857142
13   11.23076923076923076923
14   12.16666666666666666666
15   13.27272727272727272727
16   14.60000000000000000000
17   14.60000000000000000000
18   16.22222222222222222222
19   16.22222222222222222222
20   18.25000000000000000000
21   9.73333333333333333333
22   10.42857142857142857142
23   10.42857142857142857142
24   11.23076923076923076923
25   11.23076923076923076923
26   12.16666666666666666666
27   12.16666666666666666666
28   13.27272727272727272727
29   13.27272727272727272727
30   13.27272727272727272727
31   14.60000000000000000000
32   14.60000000000000000000
33   14.60000000000000000000
34   14.60000000000000000000
35   16.22222222222222222222
36   16.22222222222222222222
37   16.22222222222222222222
38   18.25000000000000000000
39   18.25000000000000000000
40   18.25000000000000000000
